20
2
4  5 6 8 10 
2  2 3 
2
4  5 6 8 10 
2  7 9 
3
2  7 9 
2  2 3 
2  1 4 
3
4  5 6 8 10 
2  2 3 
2  1 4 
2
4  5 6 8 10 
2  7 9 
2
2  7 9 
2  2 3 
2
4  5 6 8 10 
2  7 9 
2
2  7 9 
2  1 4 
3
4  5 6 8 10 
2  2 3 
2  1 4 
3
4  5 6 8 10 
2  7 9 
2  2 3 
3
4  5 6 8 10 
2  7 9 
2  2 3 
3
4  5 6 8 10 
2  7 9 
2  2 3 
3
2  7 9 
2  2 3 
2  1 4 
3
2  7 9 
2  2 3 
2  1 4 
3
4  5 6 8 10 
2  7 9 
2  2 3 
2
4  5 6 8 10 
2  2 3 
3
2  7 9 
2  2 3 
2  1 4 
2
4  5 6 8 10 
2  7 9 
3
2  7 9 
2  2 3 
2  1 4 
2
2  2 3 
2  1 4 
